              precision    recall  f1-score   support

    airplane     0.8958    0.8680    0.8817      1000
  automobile     0.9537    0.9260    0.9396      1000
        bird     0.8710    0.7560    0.8094      1000
         cat     0.7652    0.7170    0.7403      1000
        deer     0.8330    0.8830    0.8573      1000
         dog     0.7683    0.8620    0.8124      1000
        frog     0.8894    0.9250    0.9069      1000
       horse     0.9108    0.8980    0.9043      1000
        ship     0.9311    0.9330    0.9321      1000
       truck     0.8967    0.9370    0.9164      1000

    accuracy                         0.8705     10000
   macro avg     0.8715    0.8705    0.8700     10000
weighted avg     0.8715    0.8705    0.8700     10000
